63.86860481183074 1.209651791252142 -13.65840894390508 54.99888130139138 -12.033638866921379 2.6529109477188477 -17.125804404236074 -3.5701394826835338 5.670340294971007 -0.6801336951373714 -0.6038127350665545 -2.518744250008726 -18.672135983914412 -1.1503788374711608 1.309302522620028 0.7510957013607499 0.3737171995256812 27.8472476250512 -0.7629545828443743 0.2467656704834889 0.11638568936285965 -13.837165681691037 0.13585295961814214
1.209651791252142 0.42172547951965506 -3.2521587252432047 6.04340220974092 -0.10202861557153137 -2.4855548657997986 -1.8448301559621245 -0.3279737953414624 -0.38907670994975835 0.20431130378797605 -1.224276289394851 -0.05908830866852488 -3.0020904109525515 -0.23996556228189903 -0.8796632596599405 -0.09421238720547676 0.021410121245140315 2.7290366245178888 0.2660132759923687 -0.016045150327083757 -0.014372773399829647 -1.3169449618038769 0.028502298259646605
-13.658408943905062 -3.2521587252432034 34.07596469352697 -88.20634359328214 8.068863401319371 34.23038881486805 28.406200440082493 1.2928216241432475 1.2652909487775696 -6.593787519233525 16.250263271349507 9.31931863052511 20.71835006325149 1.1813993534969276 3.7042530711276207 1.1692611477122838 -0.440496668156855 -20.314029523989905 -2.169511253579097 3.796363363193871 0.0434328906263775 9.96441195077013 -0.3435389910851019
54.99888130139126 6.043402209740915 -88.20634359328217 846.7831618382504 -211.80641366956976 -315.0578989812708 -379.31339967591066 87.54785871839316 148.33229458441627 148.91592104014563 -33.33297286410134 -84.83041595973519 -64.71210668267956 -0.45739637299131686 12.585765254258302 -8.842831192754906 2.6373446980874373 66.68063069190195 5.978344359504318 -46.232326555869186 2.4510585697353777 -33.42410212655045 0.3030967159663392
-12.033638866921033 -0.10202861557149717 8.068863401318982 -211.80641366956746 387.44962000044444 117.61244394626092 66.8124698499846 -61.79196814741838 -24.626045822085626 -69.6530472865342 48.105778441569555 256.5018929936941 45.689030350194784 15.557682260351267 -11.816878934087077 6.534141282933995 -1.8933326913192647 26.840256214242 -13.522236227408742 32.47783791423565 -2.3751028079787755 -13.808199997890345 0.7785372932247504
2.652910947718978 -2.485554865799784 34.230388814867894 -315.0578989812696 117.61244394626064 527.074690820848 60.92805480343208 -48.356006698287196 -73.67290303671643 -38.86810878925622 144.85895268166516 17.552875497994272 -10.242520210630147 -8.982792266682313 2.5975598284828934 0.03365356364689576 1.226954489456611 57.14622808429673 1.423327597464588 -5.166107443117906 0.26574347256877473 -28.403157810127908 0.3872204466195794
-17.12580440423608 -1.8448301559621338 28.40620044008262 -379.3133996759114 66.8124698499858 60.92805480343275 244.57736847388483 -58.90674780709229 -106.1906966433002 -90.06093468139174 -21.368398089038973 28.33588636250671 31.396685764641 2.383273384213035 -0.052245509673160134 3.9292706711400744 -1.3207642026866486 -31.443134288058953 -2.903787235359345 18.70097224841558 -1.0273495574767197 15.484514458451098 -0.1980878039341003
-3.5701394826835577 -0.32797379534146187 1.292821624143233 87.54785871839324 -61.791968147418636 -48.35600669828756 -58.906747807092195 50.68588441216871 16.872632416086315 30.754003367585437 -29.009139549786703 -11.835520782756012 -37.07424112656115 2.0456337124933945 8.582742368834822 -4.550903712115917 1.2781857413226723 10.466001937549803 5.683626764452697 -17.413828874722856 1.0888143176139307 -5.372126162780811 -0.5525891939334454
5.6703402949710595 -0.3890767099497521 1.2652909487775024 148.3322945844168 -24.626045822085835 -73.6729030367165 -106.19069664330034 16.87263241608633 91.00171105251631 57.529998213127215 10.401649278784445 -19.974627497682548 12.53479836923473 0.95028800528358 -4.345729338468513 0.5532172904308921 -1.3488608179871928 -10.868993838174868 -2.8360535323328357 2.5600258916182694 0.034474040240551805 5.44598903829795 0.3664960378849579
-0.6801336951373654 0.20431130378797605 -6.593787519233544 148.91592104014615 -69.65304728653467 -38.868108789256766 -90.06093468139187 30.754003367585476 57.529998213127335 154.4437763533165 -61.38754915612718 -80.81012975453089 -2.4295531077695114 -8.202725649356552 12.627799040899745 0.24507375709402324 0.1316717264299423 -7.843532749321815 0.2318165421529863 -9.256426482867587 0.2594374532485286 3.2735065440883444 0.553751683285585
-0.6038127350664917 -1.2242762893948425 16.250263271349425 -33.33297286410088 48.10577844156942 144.85895268166533 -21.36839808903921 -29.00913954978659 10.401649278784376 -61.38754915612711 121.85205141404933 23.481486494106953 7.757704655703211 3.2645741165567697 -7.302343518721073 -0.09101629705122094 -0.3928465617549277 19.11969289124287 -1.7022593701699171 2.7453366923433684 0.16287905527806823 -9.103225733463436 0.22083909606481372
-2.5187442500085164 -0.05908830866849916 9.319318630524876 -84.8304159597344 256.501892993695 17.552875497994865 28.335886362506145 -11.835520782756001 -19.97462749768246 -80.8101297545308 23.48148649410721 274.9445467749112 -16.83287962545568 20.346111672900243 -14.827640005159736 1.181163272829751 -0.4599166238870906 -47.45167366886504 -1.773801283071532 20.816464322944743 -1.0947313123822813 24.889068423126382 1.3820055665554905
-18.672135983913726 -3.0020904109524853 20.71835006325113 -64.71210668267938 45.68903035019684 -10.242520210625985 31.3966857646402 -37.074241126561006 12.534798369234752 -2.4295531077693426 7.75770465570462 -16.83287962545747 5698.038999183561 51.63624565765375 319.0482404628779 -39.40935060990474 -247.10233810103404 -351.79381737466343 9.325436403337818 -320.5381553090764 7.999911866069043 167.35854258023934 0.5507560268605561
-1.1503788374720347 -0.239965562281993 1.1813993534982226 -0.45739637299827507 15.557682260358181 -8.982792266678919 2.383273384214224 2.0456337124924655 0.9502880052847322 -8.202725649357426 3.2645741165587605 20.346111672905838 51.636245657688846 532.5334468855517 617.7360825376207 16.576289106323678 0.013940041769240564 -852.3729426320144 -60.92466587737506 67.89099628030543 1.3949059286108447 414.889761103743 -0.8438185305239305
1.3093025226185466 -0.879663259660107 3.7042530711297625 12.585765254246564 -11.816878934076168 2.5975598284884693 -0.05224550967086472 8.582742368833154 -4.3457293384668185 12.627799040898259 -7.302343518717879 -14.827640005150869 319.04824046293476 617.7360825376243 954.8194827145259 44.50100413457323 -13.956307315452692 -1314.8575290347424 -70.30188541125682 130.1831938336592 -3.5315978492678277 628.5952834283787 0.1382531676495393
0.7510957013605051 -0.09421238720550193 1.1692611477125425 -8.84283119275605 6.534141282934887 0.03365356364728416 3.9292706711402867 -4.5509037121160665 0.5532172904310567 0.24507375709391854 -0.09101629705098108 1.1811632728307764 -39.40935060989814 16.57628910632775 44.5010041345791 21.811120449008826 1.4659711371908768 -89.42426387767038 -29.2173571301006 54.21951289718558 -2.569188552261771 41.840257818939946 -0.03443413727282674
0.37371719952564 0.021410121245135985 -0.4404966681568248 2.6373446980873734 -1.893332691319328 1.22695448945644 -1.3207642026866147 1.278185741322662 -1.3488608179871737 0.1316717264299423 -0.392846561754979 -0.45991662388697874 -247.10233810103384 0.013940041770897027 -13.956307315450012 1.4659711371911608 14.851504926045807 9.172193969662834 -0.5130347032650018 13.734164155270237 -0.6000108845439907 -4.1349022753353655 0.004777296554773942
27.8472476250568 2.72903662451852 -20.314029523999334 66.68063069195618 26.840256214179686 57.14622808426516 -31.443134288066982 10.466001937558543 -10.868993838184458 -7.843532749313706 19.119692891224368 -47.451673668911475 -351.79381737492474 -852.3729426319828 -1314.8575290346673 -89.42426387763552 9.172193969675611 6715.141783193476 95.95795289623399 -344.27645694542366 14.68145096829704 -3314.669647127914 0.24205617387331413
-0.7629545828440619 0.26601327599240004 -2.169511253579395 5.978344359505395 -13.522236227409616 1.4233275974642856 -2.9037872353594496 5.683626764452779 -2.836053532333054 0.2318165421530498 -1.7022593701701352 -1.773801283072751 9.32543640333003 -60.92466587738065 -70.30188541126492 -29.217357130100666 -0.5130347032646815 95.9579528962811 56.809076324634255 -68.10769000642499 1.4756266630855144 -44.383452110631836 0.08905075734097931
0.24676567048271214 -0.016045150327168408 3.7963633631947653 -46.23232655587354 32.477837914239146 -5.16610744311642 18.70097224841652 -17.413828874723507 2.560025891618811 -9.2564264828681 2.745336692344295 20.816464322948345 -320.5381553090541 67.89099628031754 130.18319383367634 54.219512897185346 13.734164155269262 -344.2764569455271 -68.1076900064245 214.01532464361657 -8.1979498549012 156.60208720633835 -0.09601054955569853
0.1163856893628916 -0.014372773399826063 0.04343289062633885 2.4510585697355824 -2.3751028079789283 0.2657434725686929 -1.0273495574767684 1.0888143176139657 0.03447404024052933 0.25943745324855116 0.16287905527802318 -1.0947313123824276 7.999911866068096 1.3949059286103977 -3.5315978492685125 -2.5691885522617586 -0.6000108845439475 14.681450968300828 1.4756266630854915 -8.197949854901205 0.6696699323044086 -7.130814964929396 -0.08368720019167517
-13.83716568169377 -1.3169449618041684 9.964411950774759 -33.4241021265771 -13.80819999785956 -28.403157810112305 15.484514458455008 -5.3721261627851185 5.445989038302706 3.273506544084357 -9.103225733454286 24.889068423149254 167.35854258036773 414.8897611037266 628.5952834283402 41.84025781892265 -4.134902275341656 -3314.669647127907 -44.383452110608474 156.602087206287 -7.130814964927365 1639.6436650124901 0.02183604909902808
0.13585295961814525 0.028502298259646876 -0.3435389910851039 0.30309671596634563 0.7785372932247521 0.3872204466195829 -0.19808780393409794 -0.5525891939334474 0.36649603788495555 0.5537516832855832 0.22083909606481572 1.3820055665554798 0.5507560268605038 -0.8438185305240151 0.13825316764941237 -0.03443413727283273 0.004777296554775656 0.24205617387396222 0.08905075734098529 -0.09601054955572103 -0.08368720019167426 0.021836049098710106 2.639967613775537
